0 0.392578125 0.5642708328125 0.39318749999999997 0.5664166671875 0.3948125 0.5685833328125 0.396625 0.5685833328125 0.39965625 0.565625 0.40046875000000004 0.5631875 0.40046875000000004 0.5605 0.400265625 0.5580833328125 0.39904687499999997 0.5561875 0.39864062499999997 0.5559166671875 0.397640625 0.5542916671875 0.39642187500000003 0.5542916671875 0.39460937500000004 0.5542916671875 0.39237500000000003 0.5559166671875 0.392171875 0.558875 0.392171875 0.5613125 0.392578125 0.5642708328125
0 0.36275 0.5814166671875001 0.363421875 0.5834583328125 0.36484375 0.5843333328125 0.365140625 0.5849791671875 0.365328125 0.5855 0.365421875 0.5855 0.36609375 0.5866458328124999 0.367140625 0.5860000000000001 0.367046875 0.5846041671875 0.36771875 0.5829375 0.36848437500000003 0.5816666671874999 0.368 0.5803958328125 0.368 0.58 0.368296875 0.5774583328125 0.368296875 0.5756666671875 0.367625 0.5740208328125 0.366671875 0.5738958328125 0.365234375 0.5738958328125 0.3629375 0.5755416671875 0.36275 0.5775833328125 0.36275 0.5814166671875001
0 0.672171875 0.7878125 0.672703125 0.792125 0.672828125 0.7936875 0.672828125 0.7952291671875 0.67346875 0.7995416671875 0.6743750000000001 0.8024791671875 0.6763125 0.8036875 0.678 0.8005833328125 0.67890625 0.7971250000000001 0.680578125 0.7940208328125 0.681109375 0.7914375 0.6799375000000001 0.7890208328125 0.6796875 0.7874791671875 0.679421875 0.78575 0.679421875 0.7842083328125 0.678 0.7823125 0.673078125 0.7831666671875 0.67128125 0.7847083328125 0.6716562500000001 0.7861041671875 0.672171875 0.7878125
0 0.785328125 0.9071458328125 0.783390625 0.9066458328125 0.782609375 0.9076666671875 0.7849375000000001 0.9095625 0.7849375000000001 0.9126666671875 0.7849375000000001 0.9162916671874999 0.785328125 0.9209583328125 0.787015625 0.9230208328125 0.787390625 0.9245625000000001 0.7885625 0.9271458328125 0.7905 0.9266458328124999 0.791796875 0.9243958328125 0.792828125 0.9216458328125 0.7930937499999999 0.9188750000000001 0.79334375 0.9157708328125 0.793984375 0.9125 0.79528125 0.9102499999999999 0.793859375 0.9092291671874999 0.792046875 0.9114583328125001 0.792046875 0.9095625 0.7916562500000001 0.906125 0.78971875 0.9057708328125 0.787390625 0.906125 0.78753125 0.9064583328125 0.786625 0.9088749999999999 0.785328125 0.9071458328125
0 0.6783750000000001 0.829875 0.6791875 0.8354583328125 0.680265625 0.8379791671874999 0.6833750000000001 0.8376250000000001 0.686484375 0.8307708328125001 0.687703125 0.8246458328124999 0.688109375 0.8206875 0.6875625000000001 0.8183541671875 0.6794687500000001 0.818875 0.6777031250000001 0.8168958328124999 0.677171875 0.8178124999999999 0.677171875 0.8224791671875 0.6783750000000001 0.829875
0 0.8737031249999999 0.7051041671875 0.8743124999999999 0.7061041671875 0.874609375 0.7081458328125 0.874 0.7101875 0.8744531249999999 0.7107916671875001 0.8752187499999999 0.7114166671875 0.875828125 0.7120208328125 0.875828125 0.7140625 0.87690625 0.7152708328124999 0.87828125 0.7134375000000001 0.878734375 0.7114166671875 0.8795 0.7095833328125 0.8805624999999999 0.7055 0.88103125 0.7042708328125 0.881796875 0.7020416671875 0.88071875 0.7004166671875 0.8798125000000001 0.6987916671875001 0.880265625 0.6969583328125 0.881171875 0.6963333328125 0.8827031249999999 0.695125 0.881796875 0.6930833328125 0.880109375 0.6936875 0.878578125 0.6941041671875 0.8773593749999999 0.6941041671875 0.8756875000000001 0.6938958328125 0.873234375 0.6936875 0.871703125 0.6943125 0.871859375 0.6953125 0.874 0.6963333328125 0.874 0.6981666671875 0.871703125 0.6993958328125001 0.872171875 0.6993958328125001 0.871703125 0.7036666671875 0.8737031249999999 0.7051041671875
0 0.656296875 0.7307916671875 0.656296875 0.7241041671875 0.656921875 0.7157291671875 0.65190625 0.7165625 0.6475 0.7165625 0.64121875 0.7148749999999999 0.645625 0.7241041671875 0.64625 0.731625 0.648765625 0.7375 0.65315625 0.7391666671875 0.656296875 0.7307916671875
0 0.6984843749999999 0.6674583328125 0.699984375 0.6758541671875 0.70075 0.6835625000000001 0.70553125 0.6828958328125 0.70753125 0.6721666671875 0.707796875 0.6674583328125 0.703015625 0.6684583328125 0.6984843749999999 0.6674583328125
0 0.14351562499999998 0.1863333328125 0.14253125 0.19 0.142140625 0.19443749999999999 0.144890625 0.1973125 0.1488125 0.19575 0.14821875 0.1855416671875 0.14684375 0.1845 0.1446875 0.1845 0.14351562499999998 0.1863333328125
0 0.28523437500000004 0.19125 0.282640625 0.19125 0.282328125 0.1924791671875 0.28278125 0.1979791671875 0.28415625 0.19777083281250002 0.285390625 0.1971666671875 0.28523437500000004 0.19125
0 0.34762499999999996 0.11147916718749999 0.34678125 0.1174791671875 0.347203125 0.1253541671875 0.34903125 0.12479166718750001 0.35015625 0.1176666671875 0.35296875 0.11410416718750001 0.351703125 0.11129166718750001 0.34762499999999996 0.11147916718749999