0 0.137765625 0.6689461359375 0.13564062500000001 0.6636299765625 0.139890625 0.664683840625 0.133515625 0.654051521875 0.13209375 0.635995315625 0.124296875 0.6317330203125 0.11862500000000001 0.6264168625 0.117203125 0.6179156906250001 0.103734375 0.6253629984375 0.094515625 0.628548009375 0.09096875 0.62323185 0.088125 0.6264168625 0.09309375 0.6317330203125 0.094515625 0.6349180328124999 0.09946875 0.635995315625 0.092375 0.6466276343749999 0.091671875 0.6583138171875 0.09521874999999999 0.6636299765625 0.09734374999999999 0.67744730625 0.098765625 0.6795784546875 0.103734375 0.6742622953125 0.12359374999999999 0.6785011703125 0.13564062500000001 0.6838173296875001 0.137765625 0.6689461359375
0 0.018765625 0.6766276343750001 0.021453125 0.68517564375 0.0305 0.692716628125 0.046609374999999995 0.68163934375 0.06103125 0.6871896953125 0.070421875 0.6876814984374999 0.0724375 0.68163934375 0.07009375 0.6529976578125 0.06035937500000001 0.634379390625 0.060703125000000004 0.6278454328125 0.061703125000000004 0.612763465625 0.061375 0.6057142859375 0.05500000000000001 0.603723653125 0.050640624999999995 0.6102576109375 0.051984375000000006 0.621311475 0.04996875 0.6238173296875 0.045265625 0.6273536296875 0.042578125 0.6348946140625 0.048953125 0.6479625296875 0.05096874999999999 0.655995315625 0.054656249999999997 0.6620374703125 0.062046875 0.6700936765625001 0.05265625 0.6680796250000001 0.047609374999999995 0.6721077281250001 0.04090625 0.654004684375 0.0385625 0.6484543328125 0.03721875 0.6429274 0.033187499999999995 0.6399063234375 0.022125 0.641920375 0.01675 0.6484543328125 0.018765625 0.6580093671875 0.018765625 0.6766276343750001
0 0.542671875 0.5826697890625 0.542671875 0.5714051515625 0.543984375 0.5702810296874999 0.543984375 0.566908665625 0.5310312500000001 0.5660655734375 0.5308437500000001 0.571124121875 0.53196875 0.58098360625 0.53328125 0.5883138171875 0.53684375 0.590843090625 0.53684375 0.5936533953125 0.539109375 0.5936533953125 0.539671875 0.590843090625 0.5406093750000001 0.590843090625 0.542671875 0.5826697890625
0 0.5771875 0.5851053859374999 0.5771875 0.5884543328125 0.57925 0.5905152218749999 0.580453125 0.58871194375 0.5823437499999999 0.5907728343749999 0.584765625 0.58871194375 0.586140625 0.584332553125 0.583390625 0.580468384375 0.584765625 0.57608899375 0.58459375 0.56679156875 0.58321875 0.5655035125000001 0.5801093749999999 0.5637002343749999 0.5785625 0.5670491796875 0.57615625 0.567564403125 0.575296875 0.576604215625 0.57615625 0.5838173296875 0.5771875 0.5851053859374999
0 0.564921875 0.57159250625 0.56715625 0.5758548015625 0.5708125 0.5758548015625 0.573453125 0.57098360625 0.57203125 0.5667213109375 0.570203125 0.558196721875 0.565734375 0.558196721875 0.5645156250000001 0.5615456671875 0.5641093749999999 0.5670257609375 0.564921875 0.57159250625
0 0.9602656250000001 0.62323185 0.9620625 0.607939109375 0.9530625 0.6034426234375 0.9434531249999999 0.5944262296875 0.9284375 0.5863466046875 0.9266406249999999 0.5629274 0.9200312500000001 0.553044496875 0.915828125 0.5629274 0.923640625 0.5791334890625001 0.9242343749999999 0.590843090625 0.9122187500000001 0.5881264640625 0.921828125 0.6016393437499999 0.9224375 0.6277283375 0.902015625 0.651147540625 0.93084375 0.6628337234375 0.93625 0.65744730625 0.9602656250000001 0.62323185
0 0.610578125 0.5823653390625 0.610578125 0.5811943796875 0.610578125 0.579508196875 0.610421875 0.5783138171875 0.6099375 0.5752224828125 0.60946875 0.5714051515625 0.6085 0.5704449656249999 0.610890625 0.56997658125 0.611046875 0.569508196875 0.611046875 0.5678220140625 0.610890625 0.5663934421875 0.608984375 0.564964871875 0.607875 0.564964871875 0.60453125 0.5652224828125 0.602625 0.5652224828125 0.601671875 0.565456675 0.600546875 0.568079625 0.601828125 0.56901639375 0.603421875 0.569508196875 0.6032656249999999 0.5707025765625 0.601671875 0.57355971875 0.601828125 0.5747540984375 0.601828125 0.575948478125 0.601828125 0.58 0.601671875 0.5861826703124999 0.6037343749999999 0.5902341921875001 0.60484375 0.5928571421875 0.60596875 0.594051521875 0.60659375 0.594051521875 0.60803125 0.5930913343750001 0.610578125 0.58810304375 0.61025 0.586908665625 0.61025 0.5857142859375 0.610578125 0.5823653390625
0 0.9865 0.49526932031250004 0.9682187499999999 0.5500468390625 0.96365625 0.5461124125000001 0.9590781249999999 0.5519906328124999 0.9623437499999999 0.5696018734375 0.9603906249999999 0.5862295078125 0.9623437499999999 0.61067915625 0.9630000000000001 0.623395784375 0.9316718749999999 0.6674238875 0.9995468750000001 0.6977283375 1 0.49135831406249997 0.9865 0.49526932031250004
0 0.261375 0.6201405156249999 0.26373437499999997 0.622107728125 0.268171875 0.628384075 0.27156250000000004 0.6256206093750001 0.278359375 0.629156909375 0.28123437500000004 0.627587821875 0.2815 0.621311475 0.279671875 0.614660421875 0.27628125 0.6115222484375 0.27523437500000003 0.603700234375 0.271046875 0.5942857140625 0.27365625 0.5907728343749999 0.264515625 0.5852693203125 0.26373437499999997 0.5958548015625 0.26059375 0.596252928125 0.261375 0.6201405156249999
0 0.597140625 0.5831615921875 0.5970156249999999 0.5756440281249999 0.5942968750000001 0.5703512875000001 0.595515625 0.5636299765625 0.588578125 0.5638173296875 0.588859375 0.571756440625 0.5875 0.5736065578125 0.587359375 0.577259953125 0.5877656250000001 0.580515221875 0.5877656250000001 0.58744730625 0.59021875 0.58969555 0.594703125 0.5925292734375 0.59578125 0.5890866515625001 0.597140625 0.5831615921875
0 0.894765625 0.641920375 0.8991718750000001 0.6393911 0.901546875 0.6429508203125 0.8988437499999999 0.649555034375 0.9042656250000001 0.6541217796875001 0.908328125 0.6521077281250001 0.9175000000000001 0.6343091328125 0.9229218749999999 0.625152225 0.923265625 0.6215925062500001 0.9215625 0.619555034375 0.918171875 0.614988290625 0.9157968750000001 0.6037939109375 0.920546875 0.6007494140625 0.9242812499999999 0.5956674468750001 0.920890625 0.588548009375 0.9164687499999999 0.5895784546875 0.9120625 0.5936299765624999 0.9096875000000001 0.598220140625 0.9076562499999999 0.5956674468750001 0.906296875 0.5905854796875001 0.9025624999999999 0.587540984375 0.8985 0.584988290625 0.8978125 0.578384075 0.8971406249999999 0.5773770484375 0.8954531250000001 0.5733021078125 0.8954531250000001 0.569227165625 0.895109375 0.5595784546875 0.894765625 0.55194379375 0.8930781250000001 0.548384075 0.890015625 0.5534660421875001 0.88865625 0.5631381734375001 0.8903593750000001 0.5697423890625 0.8883281249999999 0.5707494140625 0.88425 0.569227165625 0.878484375 0.5707494140625 0.883234375 0.578384075 0.8954531250000001 0.5870257609375 0.895109375 0.59159250625 0.89646875 0.6053161593749999 0.8917187500000001 0.618548009375 0.8839062500000001 0.6409133484375 0.889 0.6465105390625 0.8927343750000001 0.645995315625 0.894765625 0.641920375
0 0.661078125 0.5793208437499999 0.663125 0.5793208437499999 0.665171875 0.5768852453125 0.665296875 0.5715690859375 0.664765625 0.5636065578125 0.666671875 0.55810304375 0.658625 0.5582903984375001 0.65821875 0.5652459015625 0.658625 0.5725995312500001 0.661078125 0.5793208437499999
0 0.615796875 0.5924355968749999 0.61653125 0.5965573765625 0.618 0.5973770484375 0.62184375 0.5883138171875 0.624421875 0.5885948484375 0.625703125 0.5916159249999999 0.6271718749999999 0.5885948484375 0.624421875 0.585292740625 0.6273593749999999 0.5830913343749999 0.6282656249999999 0.5751053859375 0.625890625 0.5751053859375 0.624234375 0.572084309375 0.625515625 0.5671428578125 0.6233125 0.562459015625 0.618359375 0.5655035125000001 0.615796875 0.572084309375 0.61396875 0.5800702578125 0.623875 0.5800702578125 0.620203125 0.590796253125 0.615796875 0.5924355968749999
0 0.528125 0.5831381734375001 0.53125 0.5784543328125 0.5930803578125 0.5570424890625 0.6261160718750001 0.5610572109375 0.6296875 0.5690866515625 0.6296875 0.5831381734375001 0.6359375 0.5925058546875 0.6453125 0.5925058546875 0.653125 0.580796253125 0.653125 0.562060890625 0.65 0.5573770484375 0.5848214281249999 0.5560388078125 0.5352678578125001 0.550016728125 0.5328125 0.5573770484375 0.528125 0.5480093671875 0.51875 0.5480093671875 0.5109375 0.5597189703125001 0.5109375 0.5737704921875 0.51875 0.5831381734375001 0.528125 0.5831381734375001