0 0.49194000000000004 0.6489156625 0.49798 0.6384036140625 0.5031 0.635602409375 0.50962 0.6349096390625 0.5115000000000001 0.6201807234375 0.50498 0.6159638546874999 0.49752 0.6159638546874999 0.49379999999999996 0.6145481921875 0.4896 0.6096385546875001 0.48541999999999996 0.6089457828125 0.48075999999999997 0.6103614453125 0.47796000000000005 0.61945783125 0.47564 0.63 0.47190000000000004 0.6362951812500001 0.46958 0.650331325 0.46958 0.6587349390624999 0.47144 0.66433735 0.4747 0.6615361453124999 0.47935999999999995 0.6440060234375 0.48682 0.64120481875 0.48682 0.6475301203125 0.49194000000000004 0.6489156625
0 0.68496 0.5980722890625 0.6809999999999999 0.5890963859375 0.67206 0.5905722890625 0.67206 0.6010542171875 0.6671 0.626475903125 0.6760200000000001 0.6174999999999999 0.6799999999999999 0.6100301203125 0.68496 0.5980722890625
0 0.80856 0.62445783125 0.80856 0.61945783125 0.81064 0.6163253015625 0.81188 0.61066265 0.8098000000000001 0.6062650609375 0.80772 0.60879518125 0.8052199999999999 0.61066265 0.8052199999999999 0.61129518125 0.80148 0.606897590625 0.80106 0.6062650609375 0.79688 0.6012650609375 0.7943800000000001 0.604397590625 0.79356 0.60566265 0.78772 0.6075301203125 0.78688 0.6181927703125 0.78898 0.6276204812499999 0.7898 0.6319879515625 0.79064 0.634518071875 0.79148 0.639518071875 0.79148 0.648313253125 0.79314 0.6514457828125 0.79938 0.6514457828125 0.79938 0.6495783125 0.8043799999999999 0.637018071875 0.8043799999999999 0.6351506031249999 0.80564 0.628855421875 0.80856 0.62445783125
0 0.84942 0.6445783125 0.85462 0.6495481921875 0.8640599999999999 0.643855421875 0.86546 0.635331325 0.8617000000000001 0.6097590359375 0.8541399999999999 0.59695783125 0.84282 0.5841566265625 0.83762 0.5962349390624999 0.84046 0.605481928125 0.84282 0.6097590359375 0.8499000000000001 0.6189759031250001 0.8499000000000001 0.6289457828125 0.84942 0.6445783125
0 0.38142 0.68120481875 0.38818 0.682228915625 0.39122 0.68120481875 0.39764 0.6664457828125 0.39898 0.65933735 0.39696 0.6532530125 0.39764 0.644608434375 0.3973 0.6400301203125001 0.39324 0.6344277109375 0.38176 0.6262951812499999 0.37232 0.6273192765625 0.37568 0.6313855421875 0.37536 0.6430722890625 0.37198000000000003 0.6542469875 0.36758 0.6715361453125 0.36286 0.697981928125 0.36724 0.6994879515625 0.37738 0.6878012046875 0.37738 0.6842469875 0.38142 0.68120481875
0 0.53354 0.5978012046875001 0.53452 0.6067469875 0.53566 0.6088855421875 0.54598 0.604186746875 0.5506599999999999 0.5982228921875 0.55278 0.5926807234375 0.55376 0.571355421875 0.5513600000000001 0.5685843375 0.54924 0.5513253015624999 0.54626 0.5500602406249999 0.5431600000000001 0.5513253015624999 0.54146 0.5538855421875 0.53976 0.5603012046875 0.53722 0.570933734375 0.53664 0.5739156624999999 0.53452 0.5813855421875 0.53296 0.5858734937500001 0.53268 0.5896987953124999 0.53354 0.5978012046875001
0 0.72024 0.5868674703125001 0.71646 0.5861746984375 0.71668 0.58987951875 0.7198 0.5959036140625 0.71936 0.599939759375 0.71936 0.60195783125 0.71914 0.6036144578125 0.71914 0.6046385546875 0.71914 0.607981928125 0.71824 0.61 0.7169 0.6137048187499999 0.71624 0.6170481921875 0.71712 0.6210843374999999 0.71712 0.6230722890625 0.71712 0.6250903609375 0.72136 0.6247590359374999 0.7227 0.6244277109375 0.72336 0.6237650609375 0.72382 0.619728915625 0.7256 0.6153614453125 0.72626 0.610331325 0.7267 0.6056325296875 0.7273799999999999 0.6032831328125 0.7296 0.599939759375 0.73094 0.5972590359375001 0.7316 0.5895481921875 0.72848 0.5935542171875 0.72426 0.59054216875 0.71914 0.592891565625 0.72158 0.5878614453125001 0.72114 0.5871987953125 0.72024 0.5868674703125001
0 0.81644 0.6260240968749999 0.81644 0.6319879515625 0.819 0.6362650609375 0.8229599999999999 0.6409638546875 0.8293200000000001 0.6456325296875 0.83188 0.6496987953125 0.83314 0.6515963859375 0.8352600000000001 0.6552409640625 0.8382400000000001 0.6582228921875 0.84518 0.6554518078125 0.84702 0.6413855421875 0.8512600000000001 0.631566265625 0.85168 0.62262048125 0.8507 0.615813253125 0.8454599999999999 0.6087650609375 0.8398 0.6094277109374999 0.83144 0.6006626500000001 0.83172 0.5938554218750001 0.8272 0.5859638546875 0.82324 0.5863855421874999 0.82012 0.589608434375 0.8198399999999999 0.599608434375 0.818 0.6028012046875 0.81842 0.6213554218749999 0.81644 0.6260240968749999
0 0.90114 0.611475903125 0.89746 0.6098192765625 0.8978400000000001 0.6219879515625 0.9000400000000001 0.630813253125 0.8897600000000001 0.639668675 0.89416 0.6484939765625 0.8952600000000001 0.6578915656250001 0.90554 0.6728012046875 0.9169 0.6667168671875 0.9191 0.65512048125 0.91654 0.6357831328125 0.91508 0.6219879515625 0.91178 0.6059638546875 0.90884 0.6092771078125 0.9037000000000001 0.6037349390625 0.90114 0.611475903125
0 0.61676 0.595 0.61978 0.58316265 0.61676 0.5767771078124999 0.61436 0.5667771078125 0.6071 0.5658734937500001 0.60408 0.5713253015624999 0.59924 0.5767771078124999 0.59682 0.584066265625 0.59562 0.591355421875 0.59682 0.5995481921875 0.59562 0.6077409640625 0.59682 0.6159036140625 0.61012 0.6059036140625 0.6149600000000001 0.6040963859375 0.61676 0.595
0 0.71014 0.6172590359375 0.70966 0.6023192765625 0.7035199999999999 0.59662650625 0.6889000000000001 0.59662650625 0.68654 0.6115662656249999 0.69692 0.6314457828125 0.70116 0.6371385546874999 0.7035199999999999 0.632891565625 0.71014 0.6172590359375
0 0.53042 0.5805120484375 0.53258 0.5757530125 0.52824 0.5677409640625 0.52096 0.5662650609375001 0.51582 0.575481928125 0.5144599999999999 0.5843674703125 0.5144599999999999 0.5915060234375 0.51326 0.5977409640625 0.51406 0.5998192765625 0.51858 0.602771084375 0.52234 0.5980120484375 0.5314 0.5929819281250001 0.5317999999999999 0.5855722890624999 0.53042 0.5805120484375
0 0.79414 0.59683735 0.79564 0.5950301203125 0.79864 0.5905120484374999 0.7980400000000001 0.584608434375 0.79564 0.58054216875 0.79112 0.577831325 0.7899200000000001 0.577831325 0.78722 0.58054216875 0.78542 0.5832530125 0.78362 0.590060240625 0.78362 0.5990963859375 0.783 0.605 0.78452 0.612228915625 0.78452 0.6126807234375 0.79082 0.605 0.79052 0.6040963859375 0.79384 0.6027409640625 0.79414 0.59683735