0 0.499203125 0.8190833328125 0.498515625 0.8103333328125 0.504046875 0.7969583328125001 0.5099218750000001 0.7886666671875 0.511296875 0.7813125000000001 0.498171875 0.7799166671875 0.49643750000000003 0.7739375 0.48815625 0.7743958328125 0.48884375 0.7785416671875 0.479171875 0.7794583328125 0.47709375 0.7757708328125 0.468453125 0.777625 0.46879687499999995 0.7813125000000001 0.46568750000000003 0.7836041671875 0.45809375 0.7877500000000001 0.46154687499999997 0.7955833328125 0.46915625 0.8020416671874999 0.475015625 0.803875 0.47571874999999997 0.8093958328124999 0.47571874999999997 0.8167708328125001 0.47571874999999997 0.8218333328125 0.472265625 0.8269166671875 0.472265625 0.8319791671875001 0.47571874999999997 0.8435 0.479515625 0.8600833328125 0.48020312499999995 0.8637499999999999 0.48228125000000005 0.8665208328125 0.49643750000000003 0.8407291671875001 0.5092187499999999 0.8379583328125 0.5061093750000001 0.821375 0.499203125 0.8190833328125
0 0.820296875 0.7005625 0.825421875 0.7084791671875 0.826765625 0.7210625 0.824609375 0.7311458328125 0.826765625 0.7390416671875 0.823796875 0.7530833328125001 0.826765625 0.7537916671875 0.826765625 0.7631458328125 0.8313593750000001 0.7599166671875001 0.8332499999999999 0.7422916671875 0.83109375 0.7315 0.837296875 0.7250208328125 0.840265625 0.7149583328125 0.8381093749999999 0.7041666671875 0.8488906249999999 0.7012708328125 0.8494375 0.6912083328125 0.8200312500000001 0.6922916671875 0.811125 0.693375 0.809234375 0.6973333328125 0.820296875 0.7005625
0 0.7520156250000001 0.6477708328125 0.7529375 0.6535833328125 0.75225 0.6599791671874999 0.751328125 0.667 0.7506406250000001 0.6725 0.7506406250000001 0.677375 0.7506406250000001 0.6782916671875 0.754078125 0.6843958328124999 0.756359375 0.6868541671874999 0.76071875 0.6871458328125 0.760265625 0.6880625 0.760484375 0.6902083328125 0.761625 0.6929583328125 0.764609375 0.6957083328125 0.764375 0.6929583328125 0.77146875 0.6767708328125 0.771015625 0.6731041671875 0.770328125 0.6712708328125 0.768734375 0.667 0.768046875 0.6633333328125001 0.7673593750000001 0.6581458328124999 0.7691874999999999 0.6553958328125 0.770796875 0.6541875 0.771015625 0.6511250000000001 0.7717031249999999 0.6492916671875 0.7733125000000001 0.6428958328125 0.77834375 0.6431875 0.778578125 0.6395416671875 0.778109375 0.6383125 0.775375 0.6373958328125 0.7705625 0.6373958328125 0.769640625 0.6370833328125001 0.760484375 0.6370833328125001 0.75246875 0.6395416671875 0.749734375 0.6404375 0.7474375 0.6435 0.7520156250000001 0.6477708328125
0 0.72334375 0.624625 0.729578125 0.6338958328125 0.727796875 0.6472083328125 0.727796875 0.6565000000000001 0.73171875 0.6679166671875 0.7361875 0.6671875 0.7384999999999999 0.6503125 0.7406406249999999 0.6377083328125 0.7406406249999999 0.6291458328124999 0.74153125 0.6224791671875 0.7443906250000001 0.6191458328125 0.746359375 0.6158125 0.7443906250000001 0.6096458328125001 0.726546875 0.6127291671874999 0.72209375 0.6132083328125 0.7228125000000001 0.6215208328124999 0.72334375 0.624625
0 0.6476875 0.5017291671875 0.65196875 0.5055416671875 0.6539375 0.4998333328125 0.6635625 0.49768749999999995 0.6635625 0.49864583281249997 0.6723125 0.5012708328125 0.674625 0.4953125 0.674796875 0.48581250000000004 0.67515625 0.4731875 0.6699843750000001 0.47843749999999996 0.6621406249999999 0.47889583281250003 0.65125 0.4703333328125 0.6503593750000001 0.47818750000000004 0.64715625 0.48745833281250006 0.6476875 0.5017291671875
0 0.49614062499999995 0.5123541671875 0.49953125 0.5190208328125 0.5020156250000001 0.5233125000000001 0.50434375 0.5266458328125 0.50790625 0.5278333328125 0.50915625 0.5282916671875 0.508625 0.5252083328125 0.508984375 0.5173541671875 0.508984375 0.5161666671875 0.5109375 0.5128333328125 0.510046875 0.5107083328125 0.506296875 0.5061875 0.49917187500000004 0.5068958328125001 0.49703125000000004 0.5076041671875 0.49559375 0.5083125 0.49614062499999995 0.5123541671875
0 0.467375 0.5094166671875 0.457125 0.5083333328124999 0.452265625 0.5191250000000001 0.45334375 0.5237916671875 0.453890625 0.530625 0.45659375 0.5309999999999999 0.4595625 0.5320625 0.4595625 0.5349375000000001 0.46495312499999997 0.5353125000000001 0.46495312499999997 0.5299166671875 0.47062499999999996 0.530625 0.47196875 0.5191250000000001 0.470078125 0.5158750000000001 0.467375 0.5094166671875
0 0.6395 0.5320625 0.64003125 0.5251666671875 0.640578125 0.5201666671875 0.637890625 0.5170833328125 0.63753125 0.5170833328125 0.628796875 0.5194583328125 0.6189843749999999 0.5196875000000001 0.620234375 0.5251666671875 0.62059375 0.525875 0.620765625 0.5292083328125 0.6191718749999999 0.5370625 0.61934375 0.5372916671875 0.62059375 0.5413333328125 0.6200625 0.5446666671875 0.625296875 0.5282291671875 0.6207812500000001 0.5462916671875 0.631625 0.557125 0.64146875 0.5372916671875 0.6395 0.5320625
0 0.43840625 0.8515208328125 0.447328125 0.8615208328125 0.45295312499999996 0.8552708328125 0.45859375 0.8471249999999999 0.46328125 0.8258541671874999 0.46892187500000004 0.8039375 0.471265625 0.7964375 0.45999999999999996 0.7939375 0.44356249999999997 0.7914375 0.42948437500000003 0.7976875 0.409296875 0.8020625000000001 0.41212499999999996 0.8120833328125 0.42009375000000004 0.8264791671875 0.423390625 0.8465 0.429015625 0.844625 0.43371875 0.8465 0.43840625 0.8515208328125
0 0.84040625 0.7447708328125 0.8430156249999999 0.760375 0.839796875 0.7646875 0.83803125 0.7815416671875 0.84096875 0.7850625 0.8500781249999999 0.8030833328125 0.860953125 0.8046666671875 0.86271875 0.7976041671874999 0.8630156250000001 0.7940833328125 0.8650625 0.7835 0.867421875 0.7705625 0.871234375 0.7470416671875 0.8659531250000001 0.7458750000000001 0.8677187500000001 0.7337291671874999 0.883875 0.7384375000000001 0.8850468749999999 0.7274583328124999 0.8368437500000001 0.7247083328125 0.836265625 0.7260208328125 0.83046875 0.7359375 0.84040625 0.7447708328125
0 0.7968124999999999 0.7096458328125 0.796578125 0.7219791671875 0.799359375 0.7333958328125 0.8060625 0.735875 0.8060625 0.7445208328125 0.81115625 0.7454375 0.8107031250000001 0.7226041671875 0.8127812499999999 0.705 0.818796875 0.7006875 0.8201875 0.691125 0.8218125000000001 0.68525 0.8266718750000001 0.6821666671875 0.8266718750000001 0.6784583328125 0.825046875 0.6784583328125 0.821109375 0.6704375 0.8164843749999999 0.666125 0.8083750000000001 0.6645833328124999 0.8005156250000001 0.6688958328125 0.7975 0.6778541671875 0.7975 0.6818541671875 0.79125 0.6827916671875001 0.791484375 0.6855625 0.791015625 0.6846458328125 0.7907968750000001 0.689875 0.801203125 0.6926666671875 0.803296875 0.7022291671875001 0.7968124999999999 0.7096458328125
0 0.7832656250000001 0.6619375 0.7770312500000001 0.6780625 0.786203125 0.6800208328124999 0.784 0.7030000000000001 0.785109375 0.7235416671875 0.796109375 0.7298958328125 0.79903125 0.7171875 0.8045312499999999 0.7073958328125001 0.8027031250000001 0.69225 0.793171875 0.6902916671875 0.7920625 0.6844166671874999 0.79903125 0.6770833328125 0.8034375 0.6682916671875 0.8063750000000001 0.6643749999999999 0.804171875 0.6531458328124999 0.7986718749999999 0.6609583328124999 0.7832656250000001 0.6619375
0 0.44375 0.50625 0.44926470625 0.5140931375 0.453125 0.5125 0.45202205937500006 0.52426470625 0.47683823593749997 0.6158088234375 0.4796875 0.61875 0.4765625 0.6229166671875 0.4795955875 0.6259803921875 0.4671875 0.6395833328125 0.46875 0.6583333328125 0.465625 0.6583333328125 0.4609375 0.6645833328124999 0.459375 0.6770833328125 0.45625 0.68125 0.45625 0.69375 0.4625 0.7020833328125 0.4625 0.7166666671875 0.465625 0.7208333328125 0.465625 0.725 0.459375 0.73125 0.459375 0.74375 0.4625 0.75 0.4578125 0.75625 0.4578125 0.76875 0.4625 0.775 0.471875 0.775 0.4765625 0.7645833328125 0.475 0.75 0.4890625 0.74375 0.49375 0.75 0.4984375 0.75 0.496875 0.76875 0.5015625 0.775 0.5109375 0.775 0.515625 0.7645833328125 0.5125 0.7520833328125 0.515625 0.7333333328125 0.5109375 0.725 0.5046875 0.7229166671875 0.5109375 0.6958333328124999 0.521875 0.6791666671875001 0.5296875 0.6458333328125 0.53125 0.6125 0.5359375 0.5979166671875 0.5375 0.5604166671875 0.5234375 0.5416666671875 0.528125 0.5104166671875 0.5328125 0.5041666671875 0.559375 0.50625 0.5625 0.5020833328125 0.596875 0.5020833328125 0.603125 0.5083333328124999 0.6046875 0.5166666671875 0.609375 0.5229166671875001 0.61875 0.5229166671875001 0.6271306812499999 0.5087121203125 0.6291015625 0.521484375 0.635546875 0.5278645828124999 0.6390625 0.5395833328124999 0.6359375 0.55 0.6359375 0.5583333328125 0.65 0.575 0.665625 0.6041666671875 0.675 0.6041666671875 0.6796875 0.6104166671875 0.6859375 0.6104166671875 0.6921875 0.61875 0.6984375 0.61875 0.7109375 0.6416666671875 0.7203125 0.6416666671875 0.7234375 0.6375 0.725 0.625 0.741015625 0.6333333328124999 0.7375 0.6645833328124999 0.7484375 0.6666666671875 0.7515625 0.6625 0.7515625 0.6479166671875001 0.76875 0.65625 0.7755208328125 0.6615277765625 0.76875 0.66875 0.771875 0.6708333328125 0.771875 0.6770833328125 0.7671875 0.6802083328124999 0.7703125 0.68125 0.76875 0.6833333328125 0.765625 0.6958333328124999 0.771875 0.7083333328125 0.78125 0.7083333328125 0.784375 0.7 0.784375 0.6854166671875 0.78125 0.6791666671875001 0.7765625 0.6770833328125 0.7765625 0.6708333328125 0.7796875 0.6708333328125 0.7822916671875 0.66680555625 0.8093749992380186 0.6879166663611735 0.7859375 0.6625 0.7875 0.65 0.7828125 0.6416666671875 0.762109375 0.6479166671875001 0.75546875 0.6395833328125 0.7578125 0.6375 0.759375 0.625 0.7546875 0.6166666671875001 0.746875 0.6166666671875001 0.7421875 0.6229166671875 0.7294034093749999 0.6102272734375 0.728125 0.6 0.71875 0.5833333328125 0.7125 0.5833333328125 0.7125 0.5729166671875 0.7078125 0.5645833328125 0.7 0.5645833328125 0.7 0.5108333328125 0.7046875 0.49583333281249997 0.728125 0.49375 0.73125 0.4895833328125 0.7328125 0.4770833328125 0.728125 0.46875 0.7203125 0.46875 0.715625 0.4625 0.70625 0.4625 0.7015625 0.46875 0.7 0.4895833328125 0.65546875 0.5239583328124999 0.6526988640625 0.5340909078125 0.6463068187500001 0.5277462125 0.6421875 0.5291666671875 0.6399147734375 0.5214015140625 0.6335227265625 0.51505681875 0.63125 0.5083333328124999 0.6359375 0.5020833328125 0.6421875 0.5020833328125 0.6453125 0.49791666718750005 0.646875 0.48541666718750004 0.6421875 0.4770833328125 0.6328125 0.4770833328125 0.628125 0.48333333281249996 0.621875 0.48333333281249996 0.61875 0.4875 0.6140625 0.4875 0.6109375 0.48333333281249996 0.6079545453125 0.48967803125 0.6015625 0.48333333281249996 0.596875 0.4895833328125 0.5935032890625 0.48355263125 0.5693256578125 0.4842105265625 0.5640625 0.4895833328125 0.559375 0.48125 0.5532072375 0.4846491234375 0.553125 0.48125 0.546875 0.46875 0.5375 0.46875 0.5328125 0.475 0.537088815625 0.48508771875 0.5296875 0.4875 0.5290296046875 0.4853070171875 0.5215625 0.4879166671875 0.5209703953125 0.48552631718750006 0.5129111843749999 0.48574561406249994 0.5134375 0.4883333328125 0.5078125 0.4916666671875 0.503125 0.48333333281249996 0.4967927625 0.48618421093749997 0.49375 0.48333333281249996 0.488733553125 0.4864035078125 0.48687500000000006 0.49312500000000004 0.4806743421875 0.48662280625000004 0.4484375 0.4875 0.44375 0.49375 0.446507353125 0.5039215687499999 0.44375 0.50625