0 0.3782291671875 0.50703125 0.37075 0.496671875 0.3651458328125 0.48854687500000005 0.3453333328125 0.49610937499999996 0.3397291671875 0.494703125 0.32366666718750003 0.493578125 0.31095833281249996 0.487140625 0.3049791671875 0.4806875 0.2840625 0.4840625 0.2829375 0.494140625 0.2724583328125 0.505078125 0.2679791671875 0.503109375 0.2676041671875 0.485734375 0.2597708328125 0.477609375 0.2530416671875 0.48012499999999997 0.2392083328125 0.485453125 0.24220833281249998 0.48854687500000005 0.25564583281250003 0.49526562500000004 0.2575208328125 0.504796875 0.263125 0.523578125 0.26014583281250003 0.530015625 0.2552708328125 0.5431874999999999 0.2717291671875 0.551875 0.2806875 0.5513281250000001 0.2922708328125 0.541515625 0.31095833281249996 0.54346875 0.3258958328125 0.54628125 0.32927083281249997 0.5535625 0.3449583328125 0.55215625 0.3599166671875 0.547671875 0.36589583281250004 0.548234375 0.3767291671875 0.550203125 0.3849583328125 0.5580468749999999 0.3950416671875 0.559734375 0.40812499999999996 0.55496875 0.41110416718750004 0.547671875 0.40774999999999995 0.53590625 0.40774999999999995 0.5280625 0.4103541671875 0.523578125 0.4133541671875 0.521046875 0.41558333281250004 0.5123593750000001 0.4129791671875 0.512921875 0.3991458328125 0.513484375 0.3995208328125 0.513203125 0.39056250000000003 0.5075937500000001 0.3782291671875 0.50703125
0 0.24460416718750003 0.49215625 0.230875 0.49635937500000005 0.21091666718750002 0.50571875 0.2140416671875 0.514140625 0.22027083281249998 0.5225625 0.22527083281250002 0.526765625 0.2246458328125 0.53471875 0.23025 0.544078125 0.23712499999999997 0.544078125 0.2583125 0.55015625 0.2608125 0.53753125 0.2614375 0.52115625 0.25645833281249997 0.501515625 0.2514583328125 0.49215625 0.2471041671875 0.4916875 0.24460416718750003 0.49215625
0 0.6159583328125 0.514421875 0.6147708328125 0.543203125 0.6282291671875 0.54528125 0.642875 0.546765625 0.6523749999999999 0.54528125 0.666625 0.54528125 0.678875 0.5446875 0.6891666671875 0.538453125 0.6899583328125 0.5176875 0.6875833328125001 0.514421875 0.6919375 0.509078125 0.6796666671875 0.504921875 0.6685833328124999 0.5034375 0.6658333328125 0.49749999999999994 0.6448541671875 0.495421875 0.6484166671875 0.51115625 0.6468333328125 0.514421875 0.6159583328125 0.514421875
0 0.7092083328125 0.5213125 0.7051458328125 0.511015625 0.7122499999999999 0.50721875 0.7107291671875 0.504171875 0.6934583328125 0.503015625 0.6838124999999999 0.509109375 0.6858333328125 0.52396875 0.6873541671875001 0.541109375 0.6863541671875 0.541875 0.7056458328125 0.546453125 0.720875 0.541875 0.7300208328125 0.541109375 0.7092083328125 0.5213125
0 0.739875 0.5411875 0.7459791671875 0.5430937499999999 0.755625 0.5427187499999999 0.7617291671875 0.537765625 0.7617291671875 0.53471875 0.7622291671875 0.524421875 0.7576666671875001 0.519484375 0.756125 0.516046875 0.7566458328125 0.509953125 0.7566458328125 0.50653125 0.7551249999999999 0.504625 0.747 0.505765625 0.7464791671875 0.497390625 0.7454583328125 0.49509375 0.7363333328125 0.497390625 0.73175 0.497765625 0.7271875 0.504234375 0.7368333328125 0.504234375 0.7327708328125 0.505765625 0.7327708328125 0.50728125 0.7347916671875 0.513375 0.7353125 0.5164375 0.7368333328125 0.511859375 0.7378541671875001 0.519859375 0.7368333328125 0.530140625 0.7368333328125 0.536234375 0.739875 0.5411875
0 0.7978333328125 0.51359375 0.7981458328125 0.508421875 0.7840416671875 0.508421875 0.7804375 0.51359375 0.7804375 0.51753125 0.7883125 0.5239375 0.7902708328125 0.5318125 0.7958541671875 0.530828125 0.7938958328125 0.530328125 0.8030833328125 0.5241875 0.8001250000000001 0.5197499999999999 0.7965208328125 0.514828125 0.7978333328125 0.51359375
0 0.7305625 0.521375 0.7302291671875001 0.516328125 0.7312083328125001 0.51296875 0.7328125 0.5081562500000001 0.728625 0.50671875 0.7218958328125 0.50575 0.7180625 0.502859375 0.7142083328125 0.5043124999999999 0.7154791671875 0.5074375 0.7164583328125 0.5103125000000001 0.7148541671875 0.515609375 0.7164583328125 0.520421875 0.7199791671875 0.525953125 0.7228541671875 0.5324375 0.7321666671875 0.5375 0.7340833328125 0.5350937499999999 0.7334375 0.528828125 0.7305625 0.521375
0 0.7206875 0.50209375 0.7244375 0.50490625 0.7450208328125 0.50725 0.7574791671875001 0.523625 0.7599791671875 0.53953125 0.7687083328125001 0.5348437500000001 0.7718333328125 0.526421875 0.755625 0.518 0.7680833328125 0.515203125 0.7786875 0.510515625 0.7749583328125 0.50584375 0.7662291671875 0.5081875 0.7568541671875 0.5081875 0.749375 0.500703125 0.7450208328125 0.501625 0.7337916671875 0.49976562500000005 0.7250625 0.487125 0.7194375 0.48946875 0.7250625 0.49320312499999996 0.7206875 0.497421875 0.7206875 0.50209375
0 0.7720625 0.52621875 0.7678125 0.535203125 0.7690625 0.5372656250000001 0.7778125 0.537640625 0.7855624999999999 0.534828125 0.7902916671875 0.531828125 0.7872916671875 0.52228125 0.7800625 0.51309375 0.7835625 0.50634375 0.7750625 0.50559375 0.7793125 0.51046875 0.7685625 0.51496875 0.7720625 0.52621875
0 0.039958332812500004 0.500953125 0.0834375 0.54915625 0.1534166671875 0.549875 0.1543541671875 0.5314375 0.1742083328125 0.548453125 0.20445833281249998 0.5399375 0.1836666671875 0.518671875 0.18743749999999998 0.511578125 0.1638125 0.4988125 0.1694791671875 0.491015625 0.15718749999999998 0.47824999999999995 0.1609791671875 0.46478125 0.141125 0.476125 0.1467916671875 0.482515625 0.1392291671875 0.49173437499999995 0.1099166671875 0.498109375 0.0768333328125 0.48889062499999997 0.058854167187499994 0.476125 0.0626458328125 0.4966875 0.039958332812500004 0.500953125
0 0.6005833328125 0.48025 0.6020416671875 0.48098437499999996 0.6083541671875 0.47223437500000004 0.6039791671875 0.470046875 0.5966875 0.48025 0.59475 0.48098437499999996 0.5893958328125 0.48098437499999996 0.5893958328125 0.48790625 0.5884375000000001 0.490453125 0.5962083328125 0.493375 0.5971875 0.50065625 0.5913541671875 0.50721875 0.5976666671875 0.514515625 0.6098125 0.523265625 0.6103125 0.48864062500000005 0.6098125 0.48754687499999994 0.6010625 0.485359375 0.6005833328125 0.48025
0 0.9574374999999999 0.5117812500000001 0.9547916671875001 0.5151875 0.9547916671875001 0.522578125 0.9582083328125 0.5316562499999999 0.9703125 0.5310937499999999 0.9794166671875001 0.526546875 0.9794166671875001 0.52428125 0.9778958328125 0.513765625 0.9790208328125001 0.5120625000000001 0.9650208328125001 0.5095156249999999 0.9574374999999999 0.5117812500000001